{
 "cells": [
  {
   "cell_type": "code",
   "execution_count": 1,
   "metadata": {
    "scrolled": false
   },
   "outputs": [
    {
     "data": {
      "text/plain": [
       "'Data inspection.'"
      ]
     },
     "execution_count": 1,
     "metadata": {},
     "output_type": "execute_result"
    }
   ],
   "source": [
    "\"\"\"Data inspection.\"\"\""
   ]
  },
  {
   "cell_type": "code",
   "execution_count": 5,
   "metadata": {
    "scrolled": false
   },
   "outputs": [],
   "source": [
    "import importlib\n",
    "import os\n",
    "\n",
    "import matplotlib\n",
    "%matplotlib inline\n",
    "import matplotlib.gridspec as gridspec\n",
    "import matplotlib.pyplot as plt\n",
    "import numpy as np\n",
    "\n",
    "import analyze\n",
    "importlib.reload(analyze)\n",
    "import datasets\n",
    "importlib.reload(datasets)\n",
    "import vis\n",
    "importlib.reload(vis)\n",
    "\n",
    "DATA_DIR = '/neuro/'\n",
    "DATA_TYPE = 'conn'\n",
    "\n",
    "IMG_SHAPE = (15, 15)\n",
    "SHAPE_STR = datasets.get_shape_string(IMG_SHAPE)\n",
    "TRAIN_DATASET_PATH = os.path.join(\n",
    "    DATA_DIR, 'train_val_datasets/%s_%s_%s.npy' % (\n",
    "        'train', DATA_TYPE, SHAPE_STR))\n",
    "VAL_DATASET_PATH = os.path.join(\n",
    "    DATA_DIR, 'train_val_datasets/%s_%s_%s.npy' % (\n",
    "        'val', DATA_TYPE, SHAPE_STR))\n",
    "\n",
    "DATASET_PATH = TRAIN_DATASET_PATH\n",
    "DATASET = np.load(DATASET_PATH)\n",
    "\n",
    "OUTPUT = '/scratch/users/nmiolane/imoutput_connectomes'\n",
    "CMAP = 'Spectral'"
   ]
  },
  {
   "cell_type": "markdown",
   "metadata": {},
   "source": [
    "From: https://www.humanconnectome.org/storage/app/media/documentation/s1200/HCP_S1200_Release_Reference_Manual.pdf\n",
    "\n",
    "1. netmats1: Using \"full\" normalized temporal correlation between every node timeseries\n",
    "and every other. This is a common approach and is very simple, but it has various\n",
    "practical and interpretational disadvantages [Smith 2012].\n",
    "2. netmats2: Using partial temporal correlation between nodes' timeseries. This aims to\n",
    "estimate direct connection strengths better than achieved by full correlation. To slightly\n",
    "improve the estimates of partial correlation coefficients, a small amount of L2\n",
    "regularization is applied (setting rho=0.01 in the Ridge Regression netmats option in\n",
    "FSLNets) [Smith OHBM 2014, FSLNets]. "
   ]
  },
  {
   "cell_type": "code",
   "execution_count": 6,
   "metadata": {},
   "outputs": [],
   "source": [
    "import numpy as np\n",
    "from geomstats.spd_matrices_space import SPDMatricesSpace\n",
    "\n",
    "spd_space = SPDMatricesSpace(n=15)\n",
    "spd_mat_a = spd_space.random_uniform()\n",
    "spd_mat_b = spd_space.random_uniform()\n",
    "spd_mat_c = spd_space.random_uniform()"
   ]
  },
  {
   "cell_type": "code",
   "execution_count": 7,
   "metadata": {},
   "outputs": [
    {
     "name": "stdout",
     "output_type": "stream",
     "text": [
      "point\n",
      "(1, 15, 15)\n",
      "base_point\n",
      "(1, 15, 15)\n",
      "sqrt_base_point\n",
      "(1, 15, 15)\n",
      "sqrt_base_point\n",
      "[[[ 1.52806052e+00  5.42495899e-01  2.18330359e-01 -8.09943538e-01\n",
      "   -4.65488688e-01  5.48345048e-01  3.89081063e-01  2.65859657e-01\n",
      "   -9.50480669e-01  7.05490431e-01 -6.93002256e-01 -5.12011153e-01\n",
      "    3.99147887e-01  3.12821417e-03 -2.89077011e-01]\n",
      "  [ 5.42495899e-01  2.56672488e+00  6.22119804e-02 -6.45193522e-01\n",
      "    7.02771764e-01 -1.50721133e+00  7.01522091e-01  8.61978187e-01\n",
      "   -8.92564161e-01  1.20840205e-01  3.21237255e-01 -9.79258144e-01\n",
      "    4.69975886e-01  6.41687412e-01  4.62575714e-01]\n",
      "  [ 2.18330359e-01  6.22119804e-02  4.04805348e+00  1.91755969e+00\n",
      "    6.41888214e-02 -1.17606217e-01 -3.95516364e-01 -8.24366636e-01\n",
      "   -2.37928281e-01 -1.31832679e-01  6.95207884e-01 -9.45274544e-01\n",
      "    2.04457374e-01 -2.28495059e-01  1.39314096e-01]\n",
      "  [-8.09943538e-01 -6.45193522e-01  1.91755969e+00  3.99410687e+00\n",
      "    3.37675156e-02 -5.64459491e-01 -1.75002132e+00 -1.45674504e+00\n",
      "   -1.32211195e+00 -1.75874478e+00  1.01897022e-01 -8.20570254e-01\n",
      "   -1.26216247e-01  6.08393636e-01 -1.03330489e+00]\n",
      "  [-4.65488688e-01  7.02771764e-01  6.41888214e-02  3.37675156e-02\n",
      "    1.55747509e+00 -9.85243534e-01 -7.45685194e-01  6.65437070e-02\n",
      "   -3.83818892e-01 -3.58125539e-01  7.37382587e-01 -7.29133830e-01\n",
      "    3.27665509e-01 -3.57068790e-01  1.07619030e-01]\n",
      "  [ 5.48345048e-01 -1.50721133e+00 -1.17606217e-01 -5.64459491e-01\n",
      "   -9.85243534e-01  3.00846483e+00  5.32422194e-01 -3.28612846e-01\n",
      "    4.44096308e-01  3.62192501e-01 -7.92568497e-01  7.47864371e-01\n",
      "   -3.87396005e-01 -8.20144437e-01 -5.69917743e-01]\n",
      "  [ 3.89081063e-01  7.01522091e-01 -3.95516364e-01 -1.75002132e+00\n",
      "   -7.45685194e-01  5.32422194e-01  2.07881951e+00  9.03972112e-01\n",
      "    9.64559170e-01  8.92260922e-01 -1.74221347e-02  3.51284756e-01\n",
      "   -4.29337022e-01 -1.18938523e-01  6.59305217e-01]\n",
      "  [ 2.65859657e-01  8.61978187e-01 -8.24366636e-01 -1.45674504e+00\n",
      "    6.65437070e-02 -3.28612846e-01  9.03972112e-01  1.27538795e+00\n",
      "    3.51545598e-01  4.91912399e-01  2.40333262e-01  2.35704320e-01\n",
      "   -2.39600627e-01 -2.94661309e-01  6.39125738e-01]\n",
      "  [-9.50480669e-01 -8.92564161e-01 -2.37928281e-01 -1.32211195e+00\n",
      "   -3.83818892e-01  4.44096308e-01  9.64559170e-01  3.51545598e-01\n",
      "    3.28201960e+00  9.27597285e-01  3.60647658e-01  2.02618206e+00\n",
      "    1.98653191e-02 -1.72420567e-01  1.72757503e+00]\n",
      "  [ 7.05490431e-01  1.20840205e-01 -1.31832679e-01 -1.75874478e+00\n",
      "   -3.58125539e-01  3.62192501e-01  8.92260922e-01  4.91912399e-01\n",
      "    9.27597285e-01  3.02463919e+00 -1.02909440e+00  3.65418415e-01\n",
      "    1.19437248e+00  3.21631067e-01  1.80143689e+00]\n",
      "  [-6.93002256e-01  3.21237255e-01  6.95207884e-01  1.01897022e-01\n",
      "    7.37382587e-01 -7.92568497e-01 -1.74221347e-02  2.40333262e-01\n",
      "    3.60647658e-01 -1.02909440e+00  1.60930205e+00 -3.38630904e-01\n",
      "   -7.10254272e-01 -8.28747465e-01 -2.58809322e-01]\n",
      "  [-5.12011153e-01 -9.79258144e-01 -9.45274544e-01 -8.20570254e-01\n",
      "   -7.29133830e-01  7.47864371e-01  3.51284756e-01  2.35704320e-01\n",
      "    2.02618206e+00  3.65418415e-01 -3.38630904e-01  3.10345216e+00\n",
      "   -1.54527922e-01  6.44623101e-01  9.07008878e-01]\n",
      "  [ 3.99147887e-01  4.69975886e-01  2.04457374e-01 -1.26216247e-01\n",
      "    3.27665509e-01 -3.87396005e-01 -4.29337022e-01 -2.39600627e-01\n",
      "    1.98653191e-02  1.19437248e+00 -7.10254272e-01 -1.54527922e-01\n",
      "    1.51851431e+00  8.23929043e-01  9.14698758e-01]\n",
      "  [ 3.12821417e-03  6.41687412e-01 -2.28495059e-01  6.08393636e-01\n",
      "   -3.57068790e-01 -8.20144437e-01 -1.18938523e-01 -2.94661309e-01\n",
      "   -1.72420567e-01  3.21631067e-01 -8.28747465e-01  6.44623101e-01\n",
      "    8.23929043e-01  2.02246129e+00  5.50929916e-01]\n",
      "  [-2.89077011e-01  4.62575714e-01  1.39314096e-01 -1.03330489e+00\n",
      "    1.07619030e-01 -5.69917743e-01  6.59305217e-01  6.39125738e-01\n",
      "    1.72757503e+00  1.80143689e+00 -2.58809322e-01  9.07008878e-01\n",
      "    9.14698758e-01  5.50929916e-01  2.66995228e+00]]]\n",
      "point\n",
      "(1, 15, 15)\n",
      "base_point\n",
      "(1, 15, 15)\n",
      "sqrt_base_point\n",
      "(1, 15, 15)\n",
      "sqrt_base_point\n",
      "[[[ 3.17153475 -0.2375087  -0.92386589 -0.54812041 -0.0455467\n",
      "   -0.37675397  0.10308301 -0.11743414 -0.10672349  1.11636677\n",
      "    0.35086512 -2.12769789  1.56573211  0.92975525 -0.97166955]\n",
      "  [-0.2375087   4.61530643 -1.6759904  -3.1648692   0.17411476\n",
      "   -0.7097792  -0.62807246  1.03562538  2.57747502  3.22925926\n",
      "   -0.50088219 -0.16258235 -1.02937395 -0.09202555  0.34338981]\n",
      "  [-0.92386589 -1.6759904   1.58175273  1.1587334   0.38838774\n",
      "    0.94393516  0.31537862 -0.41189193 -0.95815013 -1.77953727\n",
      "   -0.06731178  1.16507267  0.54187026  0.24627833  0.1214304 ]\n",
      "  [-0.54812041 -3.1648692   1.1587334   5.09436971 -0.64699922\n",
      "    0.86478803 -0.38851304  0.31754593 -3.66514728 -3.74829579\n",
      "    0.12228339  0.11123758  0.01179119  0.65228949  0.06864112]\n",
      "  [-0.0455467   0.17411476  0.38838774 -0.64699922  3.70649665\n",
      "    1.07009121  0.08747437 -0.83746761  0.74857694  0.47627512\n",
      "   -0.52222761 -0.37916347  1.63359102  0.93979035  0.62214684]\n",
      "  [-0.37675397 -0.7097792   0.94393516  0.86478803  1.07009121\n",
      "    3.607992   -0.54609154 -0.41728212  0.25899583 -1.17632165\n",
      "   -1.06071454  0.48289679  1.37719582  1.12824072  0.27621134]\n",
      "  [ 0.10308301 -0.62807246  0.31537862 -0.38851304  0.08747437\n",
      "   -0.54609154  1.6447226  -0.84764668  0.51432486 -0.23648695\n",
      "    0.27190548  0.25285228  0.91542937  0.0343787   0.08824621]\n",
      "  [-0.11743414  1.03562538 -0.41189193  0.31754593 -0.83746761\n",
      "   -0.41728212 -0.84764668  1.96999613 -0.47260369  0.12189046\n",
      "    0.08242648 -0.43722691 -0.9867932   0.30071147  0.12998486]\n",
      "  [-0.10672349  2.57747502 -0.95815013 -3.66514728  0.74857694\n",
      "    0.25899583  0.51432486 -0.47260369  4.7088863   3.15564226\n",
      "   -0.36220746  0.04847019 -0.0591911  -0.79686783  0.48771927]\n",
      "  [ 1.11636677  3.22925926 -1.77953727 -3.74829579  0.47627512\n",
      "   -1.17632165 -0.23648695  0.12189046  3.15564226  4.43882087\n",
      "   -0.49675367 -0.8910546  -0.59775781 -0.32750663 -0.21257419]\n",
      "  [ 0.35086512 -0.50088219 -0.06731178  0.12228339 -0.52222761\n",
      "   -1.06071454  0.27190548  0.08242648 -0.36220746 -0.49675367\n",
      "    1.29591844 -0.06184278 -0.38265836 -0.76209279  0.04943636]\n",
      "  [-2.12769789 -0.16258235  1.16507267  0.11123758 -0.37916347\n",
      "    0.48289679  0.25285228 -0.43722691  0.04847019 -0.8910546\n",
      "   -0.06184278  3.17875101 -1.33259983 -0.81657168  0.26046405]\n",
      "  [ 1.56573211 -1.02937395  0.54187026  0.01179119  1.63359102\n",
      "    1.37719582  0.91542937 -0.9867932  -0.0591911  -0.59775781\n",
      "   -0.38265836 -1.33259983  3.31865471  1.70858669 -0.16391001]\n",
      "  [ 0.92975525 -0.09202555  0.24627833  0.65228949  0.93979035\n",
      "    1.12824072  0.0343787   0.30071147 -0.79686783 -0.32750663\n",
      "   -0.76209279 -0.81657168  1.70858669  2.28096272 -0.26979709]\n",
      "  [-0.97166955  0.34338981  0.1214304   0.06864112  0.62214684\n",
      "    0.27621134  0.08824621  0.12998486  0.48771927 -0.21257419\n",
      "    0.04943636  0.26046405 -0.16391001 -0.26979709  0.99962104]]]\n",
      "point\n",
      "(1, 15, 15)\n",
      "base_point\n",
      "(1, 15, 15)\n",
      "sqrt_base_point\n",
      "(1, 15, 15)\n",
      "sqrt_base_point\n",
      "[[[ 2.5239656   0.08770351 -1.04801307 -0.40998795  1.51795778\n",
      "   -1.09613524  0.21703658  1.08188746  0.13489975  1.29975889\n",
      "   -0.74275402  0.80494546 -0.86856198 -0.76162458 -0.4410653 ]\n",
      "  [ 0.08770351  3.26612636 -0.37496571 -0.01495633 -1.45885779\n",
      "    1.33286677 -0.34450514 -1.21441248  0.53448525  0.31189844\n",
      "    0.08818471 -1.58392484 -1.64655602  0.39840068 -0.18881585]\n",
      "  [-1.04801307 -0.37496571  2.24436356 -0.01097137 -0.80256926\n",
      "    2.22262802  0.55410693 -1.377844    0.21995499 -0.67748322\n",
      "    0.91016617 -0.94092227  1.16644069  0.97942819  0.05925853]\n",
      "  [-0.40998795 -0.01495633 -0.01097137  2.06614835 -0.15729231\n",
      "   -0.38119654 -0.69732439 -0.40691493  0.08886638 -0.22647411\n",
      "   -0.51724156 -0.02426444  0.19286117 -0.97689443  0.44586269]\n",
      "  [ 1.51795778 -1.45885779 -0.80256926 -0.15729231  5.66048747\n",
      "   -3.75466818  0.99868181  1.88758613  0.04519714  1.05579584\n",
      "   -0.07153837  3.67467054 -0.61191445 -1.30832353 -1.02710699]\n",
      "  [-1.09613524  1.33286677  2.22262802 -0.38119654 -3.75466818\n",
      "    6.52379659  0.51657536 -3.42649179  0.97547813 -0.70850945\n",
      "    1.75798719 -3.6273127   0.74386503  1.75018307  0.29395087]\n",
      "  [ 0.21703658 -0.34450514  0.55410693 -0.69732439  0.99868181\n",
      "    0.51657536  2.9553351  -1.86106098  0.34106558  0.28554756\n",
      "    1.28450241  1.390986   -0.47225631  1.14378176 -0.23681014]\n",
      "  [ 1.08188746 -1.21441248 -1.377844   -0.40691493  1.88758613\n",
      "   -3.42649179 -1.86106098  5.74762683 -1.40778841 -0.51346889\n",
      "   -2.15711451  0.92394607  2.08751169 -1.24868696 -0.17873322]\n",
      "  [ 0.13489975  0.53448525  0.21995499  0.08886638  0.04519714\n",
      "    0.97547813  0.34106558 -1.40778841  0.97452083  0.52807611\n",
      "    0.47359437 -0.19854623 -0.70808268  0.09285217 -0.27240751]\n",
      "  [ 1.29975889  0.31189844 -0.67748322 -0.22647411  1.05579584\n",
      "   -0.70850945  0.28554756 -0.51346889  0.52807611  1.93987486\n",
      "    0.15099657  0.48540394 -1.95328722 -0.38083128 -0.34153315]\n",
      "  [-0.74275402  0.08818471  0.91016617 -0.51724156 -0.07153837\n",
      "    1.75798719  1.28450241 -2.15711451  0.47359437  0.15099657\n",
      "    2.46933537  0.39123094 -0.72232701  0.85391982  0.05415715]\n",
      "  [ 0.80494546 -1.58392484 -0.94092227 -0.02426444  3.67467054\n",
      "   -3.6273127   1.390986    0.92394607 -0.19854623  0.48540394\n",
      "    0.39123094  4.35065273 -1.03294565 -0.71161376 -0.46048778]\n",
      "  [-0.86856198 -1.64655602  1.16644069  0.19286117 -0.61191445\n",
      "    0.74386503 -0.47225631  2.08751169 -0.70808268 -1.95328722\n",
      "   -0.72232701 -1.03294565  4.59824499  0.40722072  0.21886472]\n",
      "  [-0.76162458  0.39840068  0.97942819 -0.97689443 -1.30832353\n",
      "    1.75018307  1.14378176 -1.24868696  0.09285217 -0.38083128\n",
      "    0.85391982 -0.71161376  0.40722072  1.91250476 -0.01429956]\n",
      "  [-0.4410653  -0.18881585  0.05925853  0.44586269 -1.02710699\n",
      "    0.29395087 -0.23681014 -0.17873322 -0.27240751 -0.34153315\n",
      "    0.05415715 -0.46048778  0.21886472 -0.01429956  0.75638126]]]\n"
     ]
    }
   ],
   "source": [
    "vec_ab = spd_space.metric.log(base_point=spd_mat_a, point=spd_mat_b)\n",
    "geod_ab = spd_space.metric.geodesic(initial_point=spd_mat_a, initial_tangent_vec=vec_ab)\n",
    "points_ab = geod_ab(np.arange(0, 1, 0.0002))\n",
    "\n",
    "vec_bc = spd_space.metric.log(base_point=spd_mat_b, point=spd_mat_c)\n",
    "geod_bc = spd_space.metric.geodesic(initial_point=spd_mat_b, initial_tangent_vec=vec_bc)\n",
    "points_bc = geod_ab(np.arange(0, 1, 0.0002))\n",
    "\n",
    "vec_ca = spd_space.metric.log(base_point=spd_mat_c, point=spd_mat_a)\n",
    "geod_ca = spd_space.metric.geodesic(initial_point=spd_mat_c, initial_tangent_vec=vec_ca)\n",
    "points_ca = geod_ab(np.arange(0, 1, 0.0002))"
   ]
  },
  {
   "cell_type": "code",
   "execution_count": 9,
   "metadata": {},
   "outputs": [],
   "source": [
    "datasets.is_spd(points_ab)\n",
    "datasets.is_spd(points_bc)\n",
    "datasets.is_spd(points_ca)"
   ]
  },
  {
   "cell_type": "code",
   "execution_count": 22,
   "metadata": {},
   "outputs": [
    {
     "name": "stdout",
     "output_type": "stream",
     "text": [
      "(5000, 15, 15)\n",
      "(5000, 15, 15)\n",
      "(5000, 15, 15)\n"
     ]
    }
   ],
   "source": [
    "print(points_ab.shape)\n",
    "print(points_bc.shape)\n",
    "print(points_ca.shape)"
   ]
  },
  {
   "cell_type": "code",
   "execution_count": 23,
   "metadata": {},
   "outputs": [
    {
     "name": "stdout",
     "output_type": "stream",
     "text": [
      "(15000, 15, 15)\n"
     ]
    }
   ],
   "source": [
    "dataset = np.concatenate([points_ab, points_bc, points_ca], axis=0)\n",
    "print(dataset.shape)"
   ]
  },
  {
   "cell_type": "code",
   "execution_count": 24,
   "metadata": {},
   "outputs": [
    {
     "name": "stdout",
     "output_type": "stream",
     "text": [
      "(15000, 15, 15)\n"
     ]
    }
   ],
   "source": [
    "np.random.shuffle(dataset)\n",
    "print(dataset.shape)"
   ]
  },
  {
   "cell_type": "code",
   "execution_count": 25,
   "metadata": {},
   "outputs": [],
   "source": [
    "np.save('/neuro/train_val_datasets/train_conn_simu_15x15.npy', dataset[:12000])\n",
    "np.save('/neuro/train_val_datasets/val_conn_simu_15x15.npy', dataset[12000:])"
   ]
  },
  {
   "cell_type": "code",
   "execution_count": 94,
   "metadata": {},
   "outputs": [
    {
     "name": "stdout",
     "output_type": "stream",
     "text": [
      "Loading /neuro/train_val_datasets/train_conn_15x15.npy...\n",
      "Loading /neuro/train_val_datasets/val_conn_15x15.npy...\n"
     ]
    }
   ],
   "source": [
    "dataset, _ = datasets.get_dataset_connectomes((15, 15))"
   ]
  },
  {
   "cell_type": "code",
   "execution_count": 95,
   "metadata": {},
   "outputs": [
    {
     "name": "stdout",
     "output_type": "stream",
     "text": [
      "(649, 1, 15, 15)\n",
      "2.3284999932667082e-05\n",
      "1.0\n"
     ]
    }
   ],
   "source": [
    "print(dataset.shape)\n",
    "print(np.min(dataset))\n",
    "print(np.max(dataset))"
   ]
  },
  {
   "cell_type": "code",
   "execution_count": 9,
   "metadata": {
    "scrolled": true
   },
   "outputs": [],
   "source": [
    "CORR_THRESH = 0.1\n",
    "\n",
    "bools = np.zeros(len(dataset))\n",
    "for i, mat in enumerate(dataset):\n",
    "    #print(i)\n",
    "    mat = mat[0]\n",
    "    val, _ = np.linalg.eig(mat)\n",
    "    bools[i] = min(val)"
   ]
  },
  {
   "cell_type": "code",
   "execution_count": 10,
   "metadata": {},
   "outputs": [
    {
     "data": {
      "text/plain": [
       "0.24174864303448396"
      ]
     },
     "execution_count": 10,
     "metadata": {},
     "output_type": "execute_result"
    }
   ],
   "source": [
    "min(bools)"
   ]
  },
  {
   "cell_type": "code",
   "execution_count": 67,
   "metadata": {},
   "outputs": [
    {
     "data": {
      "text/plain": [
       "array([[[1., 0.],\n",
       "        [0., 1.]],\n",
       "\n",
       "       [[1., 0.],\n",
       "        [0., 1.]],\n",
       "\n",
       "       [[1., 0.],\n",
       "        [0., 1.]]])"
      ]
     },
     "execution_count": 67,
     "metadata": {},
     "output_type": "execute_result"
    }
   ],
   "source": [
    "np.tile(np.eye(2, 2), (3, 1, 1))"
   ]
  },
  {
   "cell_type": "code",
   "execution_count": 3,
   "metadata": {},
   "outputs": [
    {
     "name": "stdout",
     "output_type": "stream",
     "text": [
      "(649, 1, 15, 15)\n",
      "2.3284999932667082e-05\n",
      "1.0\n"
     ]
    }
   ],
   "source": [
    "print(DATASET.shape)\n",
    "print(np.min(DATASET))\n",
    "print(np.max(DATASET))"
   ]
  },
  {
   "cell_type": "code",
   "execution_count": 96,
   "metadata": {},
   "outputs": [
    {
     "name": "stdout",
     "output_type": "stream",
     "text": [
      "(649, 1, 15, 15)\n"
     ]
    }
   ],
   "source": [
    "import toylosses\n",
    "import torch\n",
    "DATASET = dataset\n",
    "print(DATASET.shape)\n",
    "toylosses.is_spd(torch.Tensor(DATASET[0, 0]))"
   ]
  },
  {
   "cell_type": "code",
   "execution_count": 110,
   "metadata": {
    "scrolled": false
   },
   "outputs": [
    {
     "name": "stdout",
     "output_type": "stream",
     "text": [
      "Loading /neuro/train_val_datasets/train_conn_15x15.npy\n",
      "Dataset shape: (771, 1, 15, 15)\n"
     ]
    },
    {
     "data": {
