{
 "cells": [
  {
   "cell_type": "code",
   "execution_count": 1,
   "metadata": {
    "scrolled": false
   },
   "outputs": [
    {
     "data": {
      "text/plain": [
       "'Data inspection.'"
      ]
     },
     "execution_count": 1,
     "metadata": {},
     "output_type": "execute_result"
    }
   ],
   "source": [
    "\"\"\"Data inspection.\"\"\""
   ]
  },
  {
   "cell_type": "code",
   "execution_count": 25,
   "metadata": {
    "scrolled": false
   },
   "outputs": [
    {
     "name": "stdout",
     "output_type": "stream",
     "text": [
      "Loading /neuro/train_val_datasets/train_conn_25x25.npy...\n",
      "Loading /neuro/train_val_datasets/val_conn_25x25.npy...\n"
     ]
    }
   ],
   "source": [
    "import csv\n",
    "import glob\n",
    "import matplotlib\n",
    "%matplotlib inline\n",
    "import matplotlib.cm as cm\n",
    "import matplotlib.pyplot as plt\n",
    "from matplotlib import animation\n",
    "import nibabel\n",
    "import os\n",
    "import sklearn\n",
    "import shutil\n",
    "\n",
    "import torch\n",
    "import numpy as np\n",
    "import pickle\n",
    "\n",
    "import importlib\n",
    "import analyze\n",
    "importlib.reload(analyze)\n",
    "import datasets\n",
    "importlib.reload(datasets)\n",
    "import vis\n",
    "importlib.reload(vis)\n",
    "import toylosses\n",
    "importlib.reload(toylosses)\n",
    "\n",
    "NEURO_DIR = '/neuro/'\n",
    "\n",
    "IMG_SHAPE = (25, 25)\n",
    "SHAPE_STR = datasets.get_shape_string(IMG_SHAPE)\n",
    "train_dataset, val_dataset = datasets.get_dataset_connectomes(img_shape=IMG_SHAPE)\n",
    "\n",
    "TRAIN_IMG_PATH = '/neuro/train_val_datasets/train_conn_%s.npy' % SHAPE_STR\n",
    "OUTPUT = '/scratch/users/nmiolane/output_connectomes'\n",
    "CMAP = 'Spectral'\n",
    "\n"
   ]
  },
  {
   "cell_type": "code",
   "execution_count": 33,
   "metadata": {},
   "outputs": [
    {
     "ename": "AttributeError",
     "evalue": "module 'geomstats.backend' has no attribute 'tril_indices'",
     "output_type": "error",
     "traceback": [
      "\u001b[0;31m---------\u001b[0m",
      "\u001b[0;31mAttributeError\u001b[0mTraceback (most recent call last)",
      "\u001b[0;32m<ipython-input-33-383f4773aeab>\u001b[0m in \u001b[0;36m<module>\u001b[0;34m\u001b[0m\n\u001b[1;32m      6\u001b[0m \u001b[0ma\u001b[0m \u001b[0;34m=\u001b[0m \u001b[0mspd\u001b[0m\u001b[0;34m.\u001b[0m\u001b[0mrandom_uniform\u001b[0m\u001b[0;34m(\u001b[0m\u001b[0;34m)\u001b[0m\u001b[0;34m\u001b[0m\u001b[0;34m\u001b[0m\u001b[0m\n\u001b[1;32m      7\u001b[0m \u001b[0ma_vec\u001b[0m \u001b[0;34m=\u001b[0m \u001b[0mspd\u001b[0m\u001b[0;34m.\u001b[0m\u001b[0mvector_from_symmetric_matrix\u001b[0m\u001b[0;34m(\u001b[0m\u001b[0ma\u001b[0m\u001b[0;34m)\u001b[0m\u001b[0;34m\u001b[0m\u001b[0;34m\u001b[0m\u001b[0m\n\u001b[0;32m----> 8\u001b[0;31m \u001b[0ma_mat\u001b[0m \u001b[0;34m=\u001b[0m \u001b[0mspd\u001b[0m\u001b[0;34m.\u001b[0m\u001b[0msymmetric_matrix_from_vector\u001b[0m\u001b[0;34m(\u001b[0m\u001b[0ma_vec\u001b[0m\u001b[0;34m)\u001b[0m\u001b[0;34m\u001b[0m\u001b[0;34m\u001b[0m\u001b[0m\n\u001b[0m\u001b[1;32m      9\u001b[0m \u001b[0mprint\u001b[0m\u001b[0;34m(\u001b[0m\u001b[0ma\u001b[0m\u001b[0;34m)\u001b[0m\u001b[0;34m\u001b[0m\u001b[0;34m\u001b[0m\u001b[0m\n\u001b[1;32m     10\u001b[0m \u001b[0mprint\u001b[0m\u001b[0;34m(\u001b[0m\u001b[0ma_mat\u001b[0m\u001b[0;34m)\u001b[0m\u001b[0;34m\u001b[0m\u001b[0;34m\u001b[0m\u001b[0m\n",
      "\u001b[0;32m~/miniconda/envs/py36/lib/python3.7/site-packages/geomstats/spd_matrices_space.py\u001b[0m in \u001b[0;36msymmetric_matrix_from_vector\u001b[0;34m(self, vec)\u001b[0m\n\u001b[1;32m     75\u001b[0m         \u001b[0mmat\u001b[0m \u001b[0;34m=\u001b[0m \u001b[0mgs\u001b[0m\u001b[0;34m.\u001b[0m\u001b[0mzeros\u001b[0m\u001b[0;34m(\u001b[0m\u001b[0;34m(\u001b[0m\u001b[0mn_vecs\u001b[0m\u001b[0;34m,\u001b[0m\u001b[0;34m)\u001b[0m \u001b[0;34m+\u001b[0m \u001b[0;34m(\u001b[0m\u001b[0mmat_dim\u001b[0m\u001b[0;34m,\u001b[0m\u001b[0;34m)\u001b[0m \u001b[0;34m*\u001b[0m \u001b[0;36m2\u001b[0m\u001b[0;34m)\u001b[0m\u001b[0;34m\u001b[0m\u001b[0;34m\u001b[0m\u001b[0m\n\u001b[1;32m     76\u001b[0m \u001b[0;34m\u001b[0m\u001b[0m\n\u001b[0;32m---> 77\u001b[0;31m         \u001b[0mlower_triangle_indices\u001b[0m \u001b[0;34m=\u001b[0m \u001b[0mgs\u001b[0m\u001b[0;34m.\u001b[0m\u001b[0mtril_indices\u001b[0m\u001b[0;34m(\u001b[0m\u001b[0mmat_dim\u001b[0m\u001b[0;34m)\u001b[0m\u001b[0;34m\u001b[0m\u001b[0;34m\u001b[0m\u001b[0m\n\u001b[0m\u001b[1;32m     78\u001b[0m         \u001b[0;31m#diag_indices = gs.diag_indices(mat_dim)\u001b[0m\u001b[0;34m\u001b[0m\u001b[0;34m\u001b[0m\u001b[0;34m\u001b[0m\u001b[0m\n\u001b[1;32m     79\u001b[0m         \u001b[0mdiag_indices\u001b[0m \u001b[0;34m=\u001b[0m \u001b[0;34m(\u001b[0m\u001b[0mgs\u001b[0m\u001b[0;34m.\u001b[0m\u001b[0marange\u001b[0m\u001b[0;34m(\u001b[0m\u001b[0mmat_dim\u001b[0m\u001b[0;34m)\u001b[0m\u001b[0;34m,\u001b[0m \u001b[0mgs\u001b[0m\u001b[0;34m.\u001b[0m\u001b[0marange\u001b[0m\u001b[0;34m(\u001b[0m\u001b[0mmat_dim\u001b[0m\u001b[0;34m)\u001b[0m\u001b[0;34m)\u001b[0m\u001b[0;34m\u001b[0m\u001b[0;34m\u001b[0m\u001b[0m\n",
      "\u001b[0;31mAttributeError\u001b[0m: module 'geomstats.backend' has no attribute 'tril_indices'"
     ]
    }
   ],
   "source": [
    "import geomstats\n",
    "from geomstats.spd_matrices_space import SPDMatricesSpace\n",
    "\n",
    "os.environ['GEOMSTATS_BACKEND'] = 'numpy'\n",
    "spd = SPDMatricesSpace(n=2)\n",
    "a = spd.random_uniform()\n",
    "a_vec = spd.vector_from_symmetric_matrix(a)\n",
    "a_mat = spd.symmetric_matrix_from_vector(a_vec)\n",
    "print(a)\n",
    "print(a_mat)"
   ]
  },
  {
   "cell_type": "code",
   "execution_count": 29,
   "metadata": {},
   "outputs": [
    {
     "ename": "AssertionError",
     "evalue": "",
     "output_type": "error",
     "traceback": [
      "\u001b[0;31m-------------------------------\u001b[0m",
      "\u001b[0;31mAssertionError\u001b[0mTraceback (most recent call last)",
      "\u001b[0;32m<ipython-input-29-087ace72f78e>\u001b[0m in \u001b[0;36m<module>\u001b[0;34m\u001b[0m\n\u001b[1;32m     12\u001b[0m \u001b[0;34m\u001b[0m\u001b[0m\n\u001b[1;32m     13\u001b[0m \u001b[0mis_spd\u001b[0m\u001b[0;34m(\u001b[0m\u001b[0mtrain_dataset\u001b[0m\u001b[0;34m[\u001b[0m\u001b[0;34m:\u001b[0m\u001b[0;34m,\u001b[0m \u001b[0;36m0\u001b[0m\u001b[0;34m,\u001b[0m \u001b[0;34m:\u001b[0m\u001b[0;34m,\u001b[0m \u001b[0;34m:\u001b[0m\u001b[0;34m]\u001b[0m\u001b[0;34m)\u001b[0m\u001b[0;34m\u001b[0m\u001b[0;34m\u001b[0m\u001b[0m\n\u001b[0;32m---> 14\u001b[0;31m \u001b[0mis_spd\u001b[0m\u001b[0;34m(\u001b[0m\u001b[0mnp\u001b[0m\u001b[0;34m.\u001b[0m\u001b[0mzeros\u001b[0m\u001b[0;34m(\u001b[0m\u001b[0;34m(\u001b[0m\u001b[0;36m5\u001b[0m\u001b[0;34m,\u001b[0m \u001b[0;36m5\u001b[0m\u001b[0;34m)\u001b[0m\u001b[0;34m)\u001b[0m\u001b[0;34m)\u001b[0m\u001b[0;34m\u001b[0m\u001b[0;34m\u001b[0m\u001b[0m\n\u001b[0m",
      "\u001b[0;32m<ipython-input-29-087ace72f78e>\u001b[0m in \u001b[0;36mis_spd\u001b[0;34m(x)\u001b[0m\n\u001b[1;32m      8\u001b[0m     \u001b[0mgln_group\u001b[0m \u001b[0;34m=\u001b[0m \u001b[0mGeneralLinearGroup\u001b[0m\u001b[0;34m(\u001b[0m\u001b[0mn\u001b[0m\u001b[0;34m=\u001b[0m\u001b[0mn\u001b[0m\u001b[0;34m)\u001b[0m\u001b[0;34m\u001b[0m\u001b[0;34m\u001b[0m\u001b[0m\n\u001b[1;32m      9\u001b[0m     \u001b[0;32mfor\u001b[0m \u001b[0mone_mat\u001b[0m \u001b[0;32min\u001b[0m \u001b[0mx\u001b[0m\u001b[0;34m:\u001b[0m\u001b[0;34m\u001b[0m\u001b[0;34m\u001b[0m\u001b[0m\n\u001b[0;32m---> 10\u001b[0;31m         \u001b[0;32massert\u001b[0m \u001b[0mis_pos_def\u001b[0m\u001b[0;34m(\u001b[0m\u001b[0mone_mat\u001b[0m\u001b[0;34m)\u001b[0m\u001b[0;34m\u001b[0m\u001b[0;34m\u001b[0m\u001b[0m\n\u001b[0m\u001b[1;32m     11\u001b[0m         \u001b[0;32massert\u001b[0m \u001b[0mgln_group\u001b[0m\u001b[0;34m.\u001b[0m\u001b[0mbelongs\u001b[0m\u001b[0;34m(\u001b[0m\u001b[0mone_mat\u001b[0m\u001b[0;34m)\u001b[0m\u001b[0;34m\u001b[0m\u001b[0;34m\u001b[0m\u001b[0m\n\u001b[1;32m     12\u001b[0m \u001b[0;34m\u001b[0m\u001b[0m\n",
      "\u001b[0;31mAssertionError\u001b[0m: "
     ]
    }
   ],
   "source": [
    "import geomstats\n",
    "from geomstats.general_linear_group import GeneralLinearGroup\n",
    "\n",
    "def is_spd(x):\n",
    "    if x.ndim == 2:\n",
    "        x = np.expand_dims(x, 0)\n",
    "    _, n, _ = x.shape\n",
    "    gln_group = GeneralLinearGroup(n=n)\n",
    "    for one_mat in x:\n",
    "        assert is_pos_def(one_mat)\n",
    "        assert gln_group.belongs(one_mat)\n",
    "\n",
    "is_spd(train_dataset[:, 0, :, :])\n"
   ]
  },
  {
   "cell_type": "markdown",
   "metadata": {},
   "source": [
    "From: https://www.humanconnectome.org/storage/app/media/documentation/s1200/HCP_S1200_Release_Reference_Manual.pdf\n",
    "\n",
    "1. netmats1: Using \"full\" normalized temporal correlation between every node timeseries\n",
    "and every other. This is a common approach and is very simple, but it has various\n",
    "practical and interpretational disadvantages [Smith 2012].\n",
    "2. netmats2: Using partial temporal correlation between nodes' timeseries. This aims to\n",
    "estimate direct connection strengths better than achieved by full correlation. To slightly\n",
    "improve the estimates of partial correlation coefficients, a small amount of L2\n",
    "regularization is applied (setting rho=0.01 in the Ridge Regression netmats option in\n",
    "FSLNets) [Smith OHBM 2014, FSLNets]. "
   ]
  },
  {
   "cell_type": "code",
   "execution_count": 11,
   "metadata": {},
   "outputs": [
    {
     "name": "stdout",
     "output_type": "stream",
     "text": [
      "(649, 1, 25, 25)\n",
      "-24.786836311803345\n",
      "57.00069731630089\n"
     ]
    }
   ],
   "source": [
    "print(train_dataset.shape)\n",
    "print(np.min(train_dataset))\n",
    "print(np.max(train_dataset))"
   ]
  },
  {
   "cell_type": "code",
   "execution_count": 20,
   "metadata": {},
   "outputs": [],
   "source": [
    "from geomstats.general_linear_group import GeneralLinearGroup\n",
    "from geomstats.matrices_space import MatricesSpace\n",
    "from geomstats.spd_matrices_space import SPDMatricesSpace\n",
    "\n",
    "gln = GeneralLinearGroup(n=IMG_SHAPE[0])\n",
    "mat_space = MatricesSpace(n=IMG_SHAPE[0], m=IMG_SHAPE[0])\n",
    "spd_space = SPDMatricesSpace(n=IMG_SHAPE[0])\n",
    "assert gln.belongs(train_dataset[:, 0, :, :]).all()\n",
    "assert mat_space.is_symmetric(train_dataset[:, 0, :, :]).all()"
   ]
  },
  {
   "cell_type": "code",
   "execution_count": 17,
   "metadata": {},
   "outputs": [],
   "source": [
    "def r_from_z(mat):\n",
    "    dim, _ = mat.shape\n",
    "    r_mat = np.zeros_like(mat)\n",
    "    for i in range(dim):\n",
    "        for j in range(dim):\n",
    "            r_mat[i, j] = np.dot(mat[i, :], mat[j, :]) / (dim - 1)\n",
    "    return r_mat"
   ]
  },
  {
   "cell_type": "code",
   "execution_count": 23,
   "metadata": {},
   "outputs": [
    {
     "name": "stdout",
     "output_type": "stream",
     "text": [
      "4.1347417857952906e+18\n",
      "[14.66533078 23.69358162 18.5009287  20.97197158 18.22327386 17.33912605\n",
      " 17.8314678  12.22317422  9.8453935  15.95084759 19.90724511 12.66488278\n",
      " 18.07738441  7.06788835 11.72378836 15.87685508 15.63567894 11.72559451\n",
      "  8.3605313  14.09783447  8.12462889 12.36122579 11.48487559  2.81153679\n",
      "  5.25463302]\n",
      "[5.40412208e+01 4.21237748e+01 3.20069582e+01 2.76611845e+01\n",
      " 2.64130559e+01 2.46731590e+01 2.28648173e+01 2.02196920e+01\n",
      " 1.98184228e+01 1.22887410e+01 1.06603289e+01 9.72025202e+00\n",
      " 9.25418831e+00 8.36826429e+00 5.49981528e+00 5.07462318e+00\n",
      " 4.24134083e+00 2.82248169e+00 2.37736102e+00 3.09632236e-02\n",
      " 2.04510981e-01 4.27825890e-01 8.26299848e-01 1.43251550e+00\n",
      " 1.36788177e+00]\n",
      "-6.8159285125833335\n",
      "23.693581622766665\n",
      "point\n",
      "(25, 25)\n",
      "base_point\n",
      "(25, 25)\n",
      "sqrt_base_point\n",
      "(1, 25, 25)\n",
      "sqrt_base_point\n",
      "[[[ 3.28417897e+00  1.04987073e+00 -2.90627583e-01 -9.54119885e-02\n",
      "    7.72082361e-01 -8.39788789e-02  3.84953359e-01 -1.57587898e-01\n",
      "   -2.18935561e-01 -7.24430858e-01  5.49660580e-02  9.87775682e-02\n",
      "   -4.12373309e-01 -2.80146874e-01 -3.57954221e-01  5.58983066e-01\n",
      "   -4.74447366e-01 -1.03514147e-01 -1.63044672e-01 -2.05357999e-01\n",
      "    3.42164319e-01  1.27614423e-01 -1.99718260e-02  1.81560489e-01\n",
      "    4.01972456e-01]\n",
      "  [ 1.04987073e+00  4.49242490e+00 -2.50954915e-01 -2.29247711e-02\n",
      "    5.09339504e-01  1.24405335e-01  3.59681383e-01  7.25092319e-02\n",
      "    7.56128819e-01 -4.07535640e-01  2.94406198e-01 -4.82966587e-01\n",
      "    3.71271277e-01  2.07073630e-01 -1.81142275e-01  1.95356389e-01\n",
      "   -2.70831508e-01 -4.25693943e-01  6.29551815e-02  1.68193301e-01\n",
      "    9.69094996e-02 -3.04879112e-01  4.49188659e-01  1.48601400e-01\n",
      "   -1.18223222e-01]\n",
      "  [-2.90627583e-01 -2.50954915e-01  3.87290489e+00 -1.98842858e-01\n",
      "   -8.20952931e-01  5.85333092e-01 -1.55927062e-02 -1.20910928e-01\n",
      "    5.44782662e-01 -1.26373976e-01 -1.90131111e-02  2.83766997e-01\n",
      "    4.38287652e-01  2.05808792e-01  7.40832133e-01 -7.51216915e-01\n",
      "    3.57494277e-01 -7.18480983e-03  5.44899144e-01  2.37356737e-01\n",
      "   -8.31845695e-02  1.84226859e-02  1.53680015e-02  2.29907121e-01\n",
      "   -1.99564813e-02]\n",
      "  [-9.54119885e-02 -2.29247711e-02 -1.98842858e-01  4.27099487e+00\n",
      "    3.29571019e-01  2.42072045e-02  7.90849785e-01  2.16041826e-02\n",
      "    9.15037876e-02 -1.23503130e-01  3.92728226e-02  2.14766399e-01\n",
      "    3.49160442e-01 -6.02226212e-01  1.17603307e-01 -5.97124993e-01\n",
      "    5.09951974e-01 -2.82743523e-01 -3.87711574e-01  4.93943656e-02\n",
      "   -4.01360507e-01  4.68442669e-01 -1.68431236e-01  3.44047166e-01\n",
      "   -1.13544971e-03]\n",
      "  [ 7.72082361e-01  5.09339504e-01 -8.20952931e-01  3.29571019e-01\n",
      "    3.67882490e+00 -1.71142227e-02 -2.88027293e-02  7.22361742e-01\n",
      "   -1.82757863e-02  1.60582876e-01  4.04549823e-01  8.10206462e-01\n",
      "   -3.63550654e-01 -1.24280458e-01 -2.50686386e-01  1.97041494e-02\n",
      "   -1.63022161e-01 -5.74880118e-01  3.92887849e-01 -6.70674691e-01\n",
      "   -1.01215629e-01 -3.12425838e-01  5.10780307e-01  3.35617594e-01\n",
      "   -1.69682177e-01]\n",
      "  [-8.39788789e-02  1.24405335e-01  5.85333092e-01  2.42072045e-02\n",
      "   -1.71142227e-02  3.53978367e+00 -8.43295663e-02  1.78569957e-01\n",
      "    6.01173438e-01 -7.00652761e-02  7.71554521e-01 -8.23565699e-01\n",
      "   -5.66847564e-01 -5.07537007e-01  7.95561531e-01 -2.30192487e-02\n",
      "    2.69424737e-01 -6.05277511e-01 -1.28081244e-01 -3.17530579e-01\n",
      "    1.30846976e-01  6.75175628e-01  7.22268638e-01 -3.07605329e-03\n",
      "   -3.09357309e-02]\n",
      "  [ 3.84953359e-01  3.59681383e-01 -1.55927062e-02  7.90849785e-01\n",
      "   -2.88027293e-02 -8.43295663e-02  3.84460853e+00  1.02136541e-01\n",
      "   -2.89541810e-01 -4.91913419e-01 -1.51749943e-01  2.34847389e-01\n",
      "   -8.51878219e-01  2.10803707e-01  1.49744997e-01 -1.61666507e-01\n",
      "   -4.90720453e-02 -8.49711141e-03 -2.37151665e-01 -2.89710048e-01\n",
      "    7.46431943e-01  4.11046201e-02  1.23447138e-01  1.37972062e-01\n",
      "    4.12754249e-01]\n",
      "  [-1.57587898e-01  7.25092319e-02 -1.20910928e-01  2.16041826e-02\n",
      "    7.22361742e-01  1.78569957e-01  1.02136541e-01  3.00359985e+00\n",
      "   -2.09790511e-01 -7.50575282e-01  5.86044038e-01  1.30954568e-01\n",
      "   -3.38193029e-01  4.36101958e-03 -1.17772141e-01  2.74694593e-01\n",
      "    1.20106665e-01 -6.65657167e-01  5.05577905e-01 -6.54060422e-01\n",
      "    4.64527158e-01 -7.62238612e-02 -1.05408591e-01  2.16441230e-01\n",
      "   -9.13338237e-03]\n",
      "  [-2.18935561e-01  7.56128819e-01  5.44782662e-01  9.15037876e-02\n",
      "   -1.82757863e-02  6.01173438e-01 -2.89541810e-01 -2.09790511e-01\n",
      "    2.58778931e+00  1.85328536e-01 -6.40908894e-01 -1.98391836e-01\n",
      "   -4.36102229e-02  8.19671483e-01  2.14784887e-01  1.60852243e-01\n",
      "    2.53375613e-01 -1.24483768e-01 -1.11269456e-01 -5.28671875e-02\n",
      "   -3.59760331e-01  3.74679355e-01 -1.36317499e-02 -3.49522346e-01\n",
      "   -1.30578893e-01]\n",
      "  [-7.24430858e-01 -4.07535640e-01 -1.26373976e-01 -1.23503130e-01\n",
      "    1.60582876e-01 -7.00652761e-02 -4.91913419e-01 -7.50575282e-01\n",
      "    1.85328536e-01  3.54292507e+00 -1.99367357e-01 -4.86239065e-01\n",
      "    5.79566791e-02  1.99879021e-01 -3.34833312e-02  2.03426345e-01\n",
      "    7.94638006e-01  3.89919078e-01 -1.85626870e-01 -2.69574747e-01\n",
      "   -3.29790151e-01 -2.96113239e-02 -5.08024651e-01 -4.26453383e-01\n",
      "   -6.19841859e-02]\n",
      "  [ 5.49660580e-02  2.94406198e-01 -1.90131111e-02  3.92728226e-02\n",
      "    4.04549823e-01  7.71554521e-01 -1.51749943e-01  5.86044038e-01\n",
      "   -6.40908894e-01 -1.99367357e-01  4.11371141e+00 -1.02657823e-01\n",
      "    2.82197146e-01 -3.15068167e-01 -2.25176335e-01 -5.71398701e-01\n",
      "    4.68502686e-01  5.75738619e-02 -5.14977852e-03  7.02271096e-02\n",
      "    3.35210065e-02  2.76615827e-01  6.85814875e-02  3.24007485e-01\n",
      "    5.79089354e-01]\n",
      "  [ 9.87775682e-02 -4.82966587e-01  2.83766997e-01  2.14766399e-01\n",
      "    8.10206462e-01 -8.23565699e-01  2.34847389e-01  1.30954568e-01\n",
      "   -1.98391836e-01 -4.86239065e-01 -1.02657823e-01  3.10218768e+00\n",
      "   -1.08430724e-02  1.03771636e-01 -1.53368565e-01 -2.48616349e-01\n",
      "   -3.29154153e-03 -2.11528137e-01 -2.15825322e-01  1.49124840e-01\n",
      "   -2.60069228e-01  3.06149551e-01  6.24751846e-01  4.63798729e-01\n",
      "   -4.18211995e-02]\n",
      "  [-4.12373309e-01  3.71271277e-01  4.38287652e-01  3.49160442e-01\n",
      "   -3.63550654e-01 -5.66847564e-01 -8.51878219e-01 -3.38193029e-01\n",
      "   -4.36102229e-02  5.79566791e-02  2.82197146e-01 -1.08430724e-02\n",
      "    3.82692157e+00 -5.55416301e-01  6.76018159e-01 -1.61212660e-01\n",
      "   -5.28243014e-02 -9.38647990e-02 -1.74550160e-01  5.52670804e-01\n",
      "    3.13837117e-01  3.07378848e-01 -1.37714706e-01 -2.35180579e-01\n",
      "   -1.59187726e-01]\n",
      "  [-2.80146874e-01  2.07073630e-01  2.05808792e-01 -6.02226212e-01\n",
      "   -1.24280458e-01 -5.07537007e-01  2.10803707e-01  4.36101958e-03\n",
      "    8.19671483e-01  1.99879021e-01 -3.15068167e-01  1.03771636e-01\n",
      "   -5.55416301e-01  2.05825073e+00  1.62923065e-01 -3.42362006e-01\n",
      "    3.70764824e-01  3.94595881e-01  2.85559116e-01 -3.30046447e-01\n",
      "    4.14035126e-03 -2.84789496e-01 -1.79245199e-01  4.77978217e-02\n",
      "   -3.38119758e-01]\n",
      "  [-3.57954221e-01 -1.81142275e-01  7.40832133e-01  1.17603307e-01\n",
      "   -2.50686386e-01  7.95561531e-01  1.49744997e-01 -1.17772141e-01\n",
      "    2.14784887e-01 -3.34833312e-02 -2.25176335e-01 -1.53368565e-01\n",
      "    6.76018159e-01  1.62923065e-01  2.96580139e+00 -1.08353555e-01\n",
      "   -5.08717510e-02 -4.93754203e-01 -1.10307123e-01 -1.47481418e-01\n",
      "    5.45641982e-01 -1.28357966e-01 -4.93323786e-01 -6.53440574e-02\n",
      "   -1.15085186e-01]\n",
      "  [ 5.58983066e-01  1.95356389e-01 -7.51216915e-01 -5.97124993e-01\n",
      "    1.97041494e-02 -2.30192487e-02 -1.61666507e-01  2.74694593e-01\n",
      "    1.60852243e-01  2.03426345e-01 -5.71398701e-01 -2.48616349e-01\n",
      "   -1.61212660e-01 -3.42362006e-01 -1.08353555e-01  3.44436588e+00\n",
      "   -5.62340129e-01  4.33928736e-01 -8.88884018e-01 -8.72074457e-02\n",
      "   -8.49813462e-02 -6.29237873e-01  4.69406145e-01 -2.98009662e-01\n",
      "   -1.18817482e-01]\n",
      "  [-4.74447366e-01 -2.70831508e-01  3.57494277e-01  5.09951974e-01\n",
      "   -1.63022161e-01  2.69424737e-01 -4.90720453e-02  1.20106665e-01\n",
      "    2.53375613e-01  7.94638006e-01  4.68502686e-01 -3.29154153e-03\n",
      "   -5.28243014e-02  3.70764824e-01 -5.08717510e-02 -5.62340129e-01\n",
      "    3.47583590e+00  3.44644977e-01  1.23927793e-01  8.55498261e-01\n",
      "   -1.89531194e-01  4.48356124e-01 -3.25587013e-01  2.15842364e-01\n",
      "    3.49513404e-01]\n",
      "  [-1.03514147e-01 -4.25693943e-01 -7.18480983e-03 -2.82743523e-01\n",
      "   -5.74880118e-01 -6.05277511e-01 -8.49711141e-03 -6.65657167e-01\n",
      "   -1.24483768e-01  3.89919078e-01  5.75738619e-02 -2.11528137e-01\n",
      "   -9.38647990e-02  3.94595881e-01 -4.93754203e-01  4.33928736e-01\n",
      "    3.44644977e-01  2.97869604e+00  4.90899117e-01 -4.30875994e-01\n",
      "   -9.01414005e-02  8.76411133e-02 -2.23825669e-01 -1.14190474e-01\n",
      "   -6.68042030e-02]\n",
      "  [-1.63044672e-01  6.29551815e-02  5.44899144e-01 -3.87711574e-01\n",
      "    3.92887849e-01 -1.28081244e-01 -2.37151665e-01  5.05577905e-01\n",
      "   -1.11269456e-01 -1.85626870e-01 -5.14977852e-03 -2.15825322e-01\n",
      "   -1.74550160e-01  2.85559116e-01 -1.10307123e-01 -8.88884018e-01\n",
      "    1.23927793e-01  4.90899117e-01  2.32758326e+00  3.15526740e-01\n",
      "   -2.42146391e-01 -7.03474071e-01  1.65599112e-01  1.84532448e-01\n",
      "    6.21847691e-02]\n",
      "  [-2.05357999e-01  1.68193301e-01  2.37356737e-01  4.93943656e-02\n",
      "   -6.70674691e-01 -3.17530579e-01 -2.89710048e-01 -6.54060422e-01\n",
      "   -5.28671875e-02 -2.69574747e-01  7.02271096e-02  1.49124840e-01\n",
      "    5.52670804e-01 -3.30046447e-01 -1.47481418e-01 -8.72074457e-02\n",
      "    8.55498261e-01 -4.30875994e-01  3.15526740e-01  3.28367246e+00\n",
      "   -5.56062235e-01  1.68304963e-01  3.25716953e-01  7.26788669e-02\n",
      "    3.33725041e-01]\n",
      "  [ 3.42164319e-01  9.69094996e-02 -8.31845695e-02 -4.01360507e-01\n",
      "   -1.01215629e-01  1.30846976e-01  7.46431943e-01  4.64527158e-01\n",
      "   -3.59760331e-01 -3.29790151e-01  3.35210065e-02 -2.60069228e-01\n",
      "    3.13837117e-01  4.14035126e-03  5.45641982e-01 -8.49813462e-02\n",
      "   -1.89531194e-01 -9.01414005e-02 -2.42146391e-01 -5.56062235e-01\n",
      "    2.21269782e+00 -8.84895793e-01 -4.90487786e-02 -4.20850036e-01\n",
      "   -2.21252050e-01]\n",
      "  [ 1.27614423e-01 -3.04879112e-01  1.84226859e-02  4.68442669e-01\n",
      "   -3.12425838e-01  6.75175628e-01  4.11046201e-02 -7.62238612e-02\n",
      "    3.74679355e-01 -2.96113239e-02  2.76615827e-01  3.06149551e-01\n",
      "    3.07378848e-01 -2.84789496e-01 -1.28357966e-01 -6.29237873e-01\n",
      "    4.48356124e-01  8.76411133e-02 -7.03474071e-01  1.68304963e-01\n",
      "   -8.84895793e-01  2.95727885e+00  1.98697123e-02 -1.35769768e-01\n",
      "    5.40793644e-01]\n",
      "  [-1.99718260e-02  4.49188659e-01  1.53680015e-02 -1.68431236e-01\n",
      "    5.10780307e-01  7.22268638e-01  1.23447138e-01 -1.05408591e-01\n",
      "   -1.36317499e-02 -5.08024651e-01  6.85814875e-02  6.24751846e-01\n",
      "   -1.37714706e-01 -1.79245199e-01 -4.93323786e-01  4.69406145e-01\n",
      "   -3.25587013e-01 -2.23825669e-01  1.65599112e-01  3.25716953e-01\n",
      "   -4.90487786e-02  1.98697123e-02  2.98180335e+00  2.93092273e-01\n",
      "    8.72364713e-02]\n",
      "  [ 1.81560489e-01  1.48601400e-01  2.29907121e-01  3.44047166e-01\n",
      "    3.35617594e-01 -3.07605329e-03  1.37972062e-01  2.16441230e-01\n",
      "   -3.49522346e-01 -4.26453383e-01  3.24007485e-01  4.63798729e-01\n",
      "   -2.35180579e-01  4.77978217e-02 -6.53440574e-02 -2.98009662e-01\n",
      "    2.15842364e-01 -1.14190474e-01  1.84532448e-01  7.26788669e-02\n",
      "   -4.20850036e-01 -1.35769768e-01  2.93092273e-01  1.08683506e+00\n",
      "    2.65172760e-01]\n",
      "  [ 4.01972456e-01 -1.18223222e-01 -1.99564813e-02 -1.13544971e-03\n",
      "   -1.69682177e-01 -3.09357309e-02  4.12754249e-01 -9.13338237e-03\n",
      "   -1.30578893e-01 -6.19841859e-02  5.79089354e-01 -4.18211995e-02\n",
      "   -1.59187726e-01 -3.38119758e-01 -1.15085186e-01 -1.18817482e-01\n",
      "    3.49513404e-01 -6.68042030e-02  6.21847691e-02  3.33725041e-01\n",
      "   -2.21252050e-01  5.40793644e-01  8.72364713e-02  2.65172760e-01\n",
      "    1.92152628e+00]]]\n",
      "[[9.87953059]]\n"
     ]
    }
   ],
   "source": [
    "toylosses.is_spd(train_dataset[:, 0, :, :])\n",
    "\n",
    "one_conn = train_dataset[4][0]\n",
    "print(np.linalg.det(one_conn))\n",
    "\n",
    "\n",
    "def laplacian(a):\n",
    "    d = np.diag(np.array(a.sum(1)).flatten())\n",
    "    return d-a\n",
    "\n",
    "print(np.diag(one_conn)) \n",
    "one_conn_r = one_conn #r_from_z(one_conn)\n",
    "one_conn2 = laplacian(one_conn_r) + np.eye(IMG_SHAPE[0])\n",
    "\n",
    "assert gln.belongs(np.abs(one_conn_r))\n",
    "assert mat_space.is_symmetric(one_conn_r)\n",
    "\n",
    "assert is_pos_def(one_conn_r)\n",
    "\n",
    "eig, vec = np.linalg.eig(one_conn_r)\n",
    "print(eig)\n",
    "\n",
    "print(np.min(one_conn_r))\n",
    "print(np.max(one_conn_r))\n",
    "\n",
    "dist = spd_space.metric.dist(train_dataset[4][0], train_dataset[1][0])\n",
    "print(dist)"
   ]
  },
  {
   "cell_type": "code",
   "execution_count": 40,
   "metadata": {},
   "outputs": [],
   "source": [
    "train, val = datasets.get_loaders('connectomes_schizophrenia', img_shape=(28, 28), batch_size=8)"
   ]
  },
  {
   "cell_type": "code",
   "execution_count": null,
   "metadata": {
    "collapsed": true
   },
   "outputs": [],
   "source": []
  },
  {
   "cell_type": "code",
   "execution_count": 49,
   "metadata": {},
   "outputs": [
    {
     "name": "stdout",
     "output_type": "stream",
     "text": [
      "tensor([0., 0., 0., 0., 0., 0., 0., 0., 0., 0., 0., 0., 0., 0., 0., 0., 0., 0., 0., 0., 0., 0., 0., 0.,\n",
      "        0., 0., 0., 0.])\n",
      "[14.140245    2.6287587   0.9954727   0.4659352   0.2830725   0.06016125\n",
      " -0.14924623 -0.36064997 -1.3436807  -0.46716827 -0.5940811  -1.1762954\n",
      " -0.6605288  -0.6902532  -0.79580665 -0.814593   -1.0677731  -0.8527636\n",
      " -1.0187019  -0.9057516  -0.9160467  -0.92949617 -0.94423336 -0.99597937\n",
      " -0.95625234 -0.9690076  -0.98612094 -0.9792158 ]\n"
     ]
    },
    {
     "ename": "AssertionError",
     "evalue": "",
     "output_type": "error",
     "traceback": [
      "\u001b[0;31m-----------------------------\u001b[0m",
      "\u001b[0;31mAssertionError\u001b[0mTraceback (most recent call last)",
      "\u001b[0;32m<ipython-input-49-4a93124fb7a1>\u001b[0m in \u001b[0;36m<module>\u001b[0;34m\u001b[0m\n\u001b[1;32m     10\u001b[0m     \u001b[0meig\u001b[0m\u001b[0;34m,\u001b[0m \u001b[0mvec\u001b[0m \u001b[0;34m=\u001b[0m \u001b[0mnp\u001b[0m\u001b[0;34m.\u001b[0m\u001b[0mlinalg\u001b[0m\u001b[0;34m.\u001b[0m\u001b[0meig\u001b[0m\u001b[0;34m(\u001b[0m\u001b[0mnp\u001b[0m\u001b[0;34m.\u001b[0m\u001b[0mabs\u001b[0m\u001b[0;34m(\u001b[0m\u001b[0mone_c\u001b[0m\u001b[0;34m)\u001b[0m\u001b[0;34m)\u001b[0m\u001b[0;34m\u001b[0m\u001b[0;34m\u001b[0m\u001b[0m\n\u001b[1;32m     11\u001b[0m     \u001b[0mprint\u001b[0m\u001b[0;34m(\u001b[0m\u001b[0meig\u001b[0m\u001b[0;34m)\u001b[0m\u001b[0;34m\u001b[0m\u001b[0;34m\u001b[0m\u001b[0m\n\u001b[0;32m---> 12\u001b[0;31m     \u001b[0;32massert\u001b[0m \u001b[0mis_pos_def\u001b[0m\u001b[0;34m(\u001b[0m\u001b[0mone_c\u001b[0m\u001b[0;34m)\u001b[0m\u001b[0;34m\u001b[0m\u001b[0;34m\u001b[0m\u001b[0m\n\u001b[0m\u001b[1;32m     13\u001b[0m \u001b[0;34m\u001b[0m\u001b[0m\n\u001b[1;32m     14\u001b[0m     \u001b[0mi\u001b[0m \u001b[0;34m+=\u001b[0m \u001b[0;36m1\u001b[0m\u001b[0;34m\u001b[0m\u001b[0;34m\u001b[0m\u001b[0m\n",
      "\u001b[0;31mAssertionError\u001b[0m: "
     ]
    }
   ],
   "source": [
    "\n",
    "\n",
    "i = 0\n",
    "for train_batch in train:\n",
    "    if i > 2:\n",
    "        break\n",
    "    one_c = train_batch[0].cpu().to_numpy()\n",
    "    print(one_c.diag())\n",
    "    #print(one_c)\n",
    "    assert gln.belongs(np.abs(one_c))\n",
    "    assert mat_space.is_symmetric(one_c)\n",
    "    \n",
    "    hat_l1 = laplacian(g) + GAMMA * np.eye(N_NODES)\n",
    "    \n",
    "    eig, vec = np.linalg.eig(np.abs(one_c))\n",
    "    print(eig)\n",
    "    assert is_pos_def(one_c)\n",
    "    \n",
    "    i += 1"
   ]
  },
  {
   "cell_type": "code",
   "execution_count": 3,
   "metadata": {},
   "outputs": [],
   "source": [
    "def is_pos_def(x):\n",
    "    return np.all(np.linalg.eigvals(x) > 0)"
   ]
  },
  {
   "cell_type": "code",
   "execution_count": 3,
   "metadata": {
    "scrolled": false
   },
   "outputs": [
    {
     "name": "stdout",
     "output_type": "stream",
     "text": [
      "Loading /neuro/train_val_datasets/train_conn_100x100.npy\n",
      "Dataset shape: (649, 1, 100, 100)\n"
     ]
    },
    {
     "data": {
